In [29]: results.describe().T.sort_values(by="50%", axis=0, ascending=False).iloc[:10, :]
Out[29]: 
     count      mean       std    min      25%     50%      75%    max
1.4   90.0  0.023489  0.097503 -0.216 -0.04200  0.0345  0.08375  0.217
3.3   90.0  0.028922  0.101015 -0.194 -0.04550  0.0305  0.10375  0.211
1.9   90.0  0.015322  0.089103 -0.189 -0.04000  0.0290  0.07550  0.227
2.5   90.0  0.018433  0.100587 -0.287 -0.02750  0.0290  0.07600  0.282
3.0   90.0  0.026167  0.104199 -0.282 -0.04550  0.0285  0.10450  0.312
3.4   90.0  0.032656  0.097553 -0.236 -0.01625  0.0280  0.09950  0.340
1.0   90.0  0.025711  0.098065 -0.233 -0.04475  0.0255  0.08100  0.275
1.3   90.0  0.028133  0.103167 -0.193 -0.04875  0.0230  0.09875  0.278
1.1   90.0  0.008022  0.098257 -0.300 -0.03900  0.0230  0.06225  0.260
2.0   90.0  0.009000  0.112778 -0.285 -0.07275  0.0225  0.09225  0.221

In [30]: results.describe().T.sort_values(by="mean", axis=0, ascending=False).iloc[:10, :]
Out[30]: 
     count      mean       std    min      25%     50%      75%    max
3.4   90.0  0.032656  0.097553 -0.236 -0.01625  0.0280  0.09950  0.340
3.3   90.0  0.028922  0.101015 -0.194 -0.04550  0.0305  0.10375  0.211
1.3   90.0  0.028133  0.103167 -0.193 -0.04875  0.0230  0.09875  0.278
3.0   90.0  0.026167  0.104199 -0.282 -0.04550  0.0285  0.10450  0.312
1.0   90.0  0.025711  0.098065 -0.233 -0.04475  0.0255  0.08100  0.275
1.4   90.0  0.023489  0.097503 -0.216 -0.04200  0.0345  0.08375  0.217
2.5   90.0  0.018433  0.100587 -0.287 -0.02750  0.0290  0.07600  0.282
4.5   90.0  0.016722  0.089898 -0.207 -0.04775  0.0180  0.07100  0.203
1.9   90.0  0.015322  0.089103 -0.189 -0.04000  0.0290  0.07550  0.227
4.2   90.0  0.014567  0.112192 -0.308 -0.05700  0.0090  0.09375  0.265


