I [12]: _res = res.describe().T.sort_values(by="mean", axis=0, ascending=False).iloc[:10, :]

In [13]: _res
Out[13]: 
             count      mean       std    min      25%     50%      75%    max
(1.0, 0.1)    60.0 -0.005200  0.006150 -0.015 -0.00900 -0.0065 -0.00175  0.016
(1.5, 0.1)    60.0 -0.008967  0.008984 -0.024 -0.01525 -0.0100 -0.00475  0.017
(1.0, 0.15)   60.0 -0.010367  0.007397 -0.026 -0.01600 -0.0105 -0.00500  0.010
(2.0, 0.1)    60.0 -0.010933  0.009535 -0.033 -0.01800 -0.0100 -0.00600  0.016
(1.0, 0.2)    60.0 -0.016033  0.007930 -0.038 -0.02000 -0.0160 -0.01200  0.003
(1.5, 0.15)   60.0 -0.016033  0.013387 -0.046 -0.02400 -0.0185 -0.01075  0.021
(2.5, 0.1)    60.0 -0.019483  0.012035 -0.044 -0.02825 -0.0205 -0.01175  0.005
(1.0, 0.25)   60.0 -0.019550  0.012656 -0.041 -0.02950 -0.0195 -0.01375  0.011
(1.5, 0.2)    60.0 -0.025317  0.016116 -0.054 -0.03700 -0.0270 -0.01550  0.020
(3.0, 0.1)    60.0 -0.027417  0.011726 -0.052 -0.03525 -0.0275 -0.02100  0.006

In [14]: _res = res.describe().T.sort_values(by="mean", axis=0, ascending=False).iloc[:10, :]

In [15]: _res
Out[15]: 
             count      mean       std    min      25%     50%      75%    max
(1.0, 0.1)    60.0 -0.005200  0.006150 -0.015 -0.00900 -0.0065 -0.00175  0.016
(1.5, 0.1)    60.0 -0.008967  0.008984 -0.024 -0.01525 -0.0100 -0.00475  0.017
(1.0, 0.15)   60.0 -0.010367  0.007397 -0.026 -0.01600 -0.0105 -0.00500  0.010
(2.0, 0.1)    60.0 -0.010933  0.009535 -0.033 -0.01800 -0.0100 -0.00600  0.016
(1.0, 0.2)    60.0 -0.016033  0.007930 -0.038 -0.02000 -0.0160 -0.01200  0.003
(1.5, 0.15)   60.0 -0.016033  0.013387 -0.046 -0.02400 -0.0185 -0.01075  0.021
(2.5, 0.1)    60.0 -0.019483  0.012035 -0.044 -0.02825 -0.0205 -0.01175  0.005
(1.0, 0.25)   60.0 -0.019550  0.012656 -0.041 -0.02950 -0.0195 -0.01375  0.011
(1.5, 0.2)    60.0 -0.025317  0.016116 -0.054 -0.03700 -0.0270 -0.01550  0.020
(3.0, 0.1)    60.0 -0.027417  0.011726 -0.052 -0.03525 -0.0275 -0.02100  0.006

In [16]: 

