In [33]: res.describe().T.sort_values(by="mean", axis=0, ascending=False).iloc[:10, :]
Out[33]: 
                  count    mean       std    min      25%     50%      75%  \
(0.1, 1.0, 0.1)    10.0  0.0076  0.020288 -0.014 -0.00750  0.0055  0.01025   
(0.07, 1.0, 0.1)   10.0  0.0049  0.013812 -0.012 -0.00650  0.0020  0.01300   
(0.08, 1.0, 0.1)   10.0  0.0019  0.010115 -0.012 -0.00525 -0.0010  0.01125   
(0.06, 2.0, 0.1)   10.0 -0.0001  0.015014 -0.023 -0.00875 -0.0020  0.00900   
(0.09, 1.0, 0.1)   10.0 -0.0005  0.026425 -0.026 -0.01600 -0.0080  0.00275   
(0.06, 1.0, 0.1)   10.0 -0.0017  0.011567 -0.014 -0.01025 -0.0060  0.00800   
(0.03, 1.0, 0.1)   10.0 -0.0018  0.007871 -0.011 -0.00875 -0.0005  0.00275   
(0.04, 2.0, 0.1)   10.0 -0.0025  0.013302 -0.029 -0.00850 -0.0045  0.00825   
(0.04, 1.0, 0.1)   10.0 -0.0026  0.008758 -0.013 -0.00900 -0.0065  0.00525   
(0.09, 1.5, 0.1)   10.0 -0.0030  0.012658 -0.023 -0.01350 -0.0010  0.00575   

                    max  
(0.1, 1.0, 0.1)   0.053  
(0.07, 1.0, 0.1)  0.026  
(0.08, 1.0, 0.1)  0.017  
(0.06, 2.0, 0.1)  0.025  
(0.09, 1.0, 0.1)  0.066  
(0.06, 1.0, 0.1)  0.016  
(0.03, 1.0, 0.1)  0.013  
(0.04, 2.0, 0.1)  0.017  
(0.04, 1.0, 0.1)  0.012  
(0.09, 1.5, 0.1)  0.018  

In [34]: res.describe().T.sort_values(by="50%", axis=0, ascending=False).iloc[:10, :]
Out[34]: 
                  count    mean       std    min      25%     50%      75%  \
(0.1, 1.0, 0.1)    10.0  0.0076  0.020288 -0.014 -0.00750  0.0055  0.01025   
(0.1, 1.5, 0.1)    10.0 -0.0035  0.012981 -0.023 -0.01500  0.0020  0.00500   
(0.07, 1.0, 0.1)   10.0  0.0049  0.013812 -0.012 -0.00650  0.0020  0.01300   
(0.03, 1.0, 0.1)   10.0 -0.0018  0.007871 -0.011 -0.00875 -0.0005  0.00275   
(0.09, 1.5, 0.1)   10.0 -0.0030  0.012658 -0.023 -0.01350 -0.0010  0.00575   
(0.08, 1.0, 0.1)   10.0  0.0019  0.010115 -0.012 -0.00525 -0.0010  0.01125   
(0.06, 2.0, 0.1)   10.0 -0.0001  0.015014 -0.023 -0.00875 -0.0020  0.00900   
(0.01, 1.0, 0.1)   10.0 -0.0040  0.003682 -0.011 -0.00575 -0.0030 -0.00225   
(0.07, 1.5, 0.1)   10.0 -0.0057  0.009262 -0.023 -0.01200 -0.0030 -0.00000   
(0.08, 1.0, 0.2)   10.0 -0.0036  0.019979 -0.027 -0.02175 -0.0040  0.01525   

                    max  
(0.1, 1.0, 0.1)   0.053  
(0.1, 1.5, 0.1)   0.012  
(0.07, 1.0, 0.1)  0.026  
(0.03, 1.0, 0.1)  0.013  
(0.09, 1.5, 0.1)  0.018  
(0.08, 1.0, 0.1)  0.017  
(0.06, 2.0, 0.1)  0.025  
(0.01, 1.0, 0.1)  0.002  
(0.07, 1.5, 0.1)  0.007  
(0.08, 1.0, 0.2)  0.023  

In [35]: 

